272
2813
3410
2965
358
1601
4231
3791
1509
1152
1154
4114
2341
2264
2622
4148
132
1507
2221
2988
4799
1000
210
618
3189
3691
2542
672
1880
2660
2053
1195
1815
4428
2938
1691
1108
2527
3636
574
4285
1809
4413
4462
2958
2888
3282
2552
4884
4643
1868
4816
72
3430
722
20
59
1968
187
413
457
4020
2346
1185
4212
4193
1485
3261
604
3734
1635
3142
128
2517
239
2514
4203
525
2654
1173
1134
2307
2733
3935
1852
454
4636
1472
808
960
294
1912
770
71
3355
2816
1918
1668
29
4457
2968
3126
4833
4199
3387
4613
2020
2274
1660
1334
2877
3790
1212
3921
3706
84
1096
2597
3405
3516
1714
1780
3625
1240
1577
2930
470
4806
3868
3973
2263
4708
4317
1284
2981
3642
3257
4552
3448
165
4034
4425
4419
1116
1265
4542
4709
3638
2403
3535
233
4109
4227
4984
2023
981
3866
2398
968
2879
2718
2122
1266
2121
4615
97
4606
2699
1152
3669
2291
2105
109
87
1537
3275
1404
55
1704
4562
577
2742
1721
2560
3709
4178
3750
580
4716
870
4563
4628
4119
2478
2401
1796
170
2296
2924
4141
230
3581
4627
1787
2898
1640
292
870
3726
3840
4507
4084
2948
3806
4372
3271
2324
197
3050
3204
3753
3334
4211
1237
4330
3875
3571
895
4579
1494
3400
1254
2837
4039
3684
2568
1684
1667
2555
2444
256
3903
2161
2641
1379
1061
1079
1799
4345
3786
4907
3263
7
3867
3294
692
250
4003
1041
4127
1615
2450
3563
3641
992
4689
2134
2898
3171
2327
3723
4719
3482
1796
2681
2308
4125
1176
4509
2020
4744
1083
3062
4067
670
4589
3363
3223
367
3848
2780
2671
4163
239
2707
4890
2608
3430
1929
2120
2032
2337
291
2917
3327
1866
4453
3440
3691
4822
3922
134
3911
1112
450
1171
4494
2481
2277
3575
4190
2770
3907
447
1163
1738
2219
1725
4686
4075
874
3739
4845
2968
4607
4736
2064
3980
1302
965
3390
1348
2614
792
2075
142
1909
4898
1841
1013
718
1039
4288
4212
3249
3265
3842
108
1369
3826
3221
3047
4667
3150
102
4223
948
1220
4178
170
1
4517
1416
1887
538
4400
1624
3451
361
4379
2971
1498
773
3189
3413
2434
4400
1907
4913
2902
2436
4244
746
2943
593
1392
1546
644
3134
2623
4572
4562
3864
1592
1490
1410
4187
1857
2633
3172
2819
601
1299
4794
1096
3914
2919
2509
2469
1720
1180
790
3443
3875
1634
2833
2002
3927
2406
4789
3696
1297
3428
3996
1631
3787
2077
2497
2807
2184
3337
2960
4345
2046
4948
1004
3988
3061
1292
3993
2716
2626
4853
2861
811
4803
3426
4369
379
3152
3959
360
995
4014
0
4687
3632
313
4164
2775
1524
1934
1750
3720
4915
2291
575
4
3571
833
754
3133
2001
1550
870
90
1161
3764
2240
685
716
2722
1176
3839
1125
1547
2880
2000
2835
2934
3303
536
624
1710
391
2889
4184
4374
1608
312
2416
1602
320
726
1731
728
3006
1315
1558
1291
4401
1135
1352
494
4598
3479
389
3097
3581
1356
3782
4208
1755
684
1688
3949
1572
4989
3113
60
1928
1928
1733
972
2348
1671
3318
826
3183
602
239
3594
2630
3683
2757
1469
1643
3368
2355
4920
1617
1796
544
1237
859
3350
4513
984
3030
798
3418
944
4294
4999
4539
915
3370
4176
4955
1473
1518
276
2135
84
2052
866
4615
301
1195
998
2748
1202
556
3605
1833
1508
4433
3231
1537
536
983
881
304
279
1628
4174
686
3043
4774
1899
3645
854
3162
4918
1109
1737
267
955
4214
3352
1104
4765
4999
4165
533
1524
262
1827
405
2806
219
1930
2626
3087
2337
1731
4760
3248
425
1613
4011
3950
156
3629
4633
125
4276
2287
559
1989
1535
2703
117
1418
4830
1950
796
4758
1998
1362
3594
3414
1424
4923
2020
4299
87
1641
1186
3829
4410
1752
786
4508
1024
1372
4711
1774
260
2527
2946
4270
3492
262
1525
1618
1687
832
3807
4452
3573
1234
4379
1003
4715
3331
4623
1139
1045
3385
3139
4593
3468
68
4114
1779
4369
2012
3766
4741
3010
80
4140
1610
3282
809
3814
1698
2029
3130
4730
1621
3232
851
1534
3496
3205
970
1672
3872
4415
1459
2406
561
2847
566
3991
1858
4052
4936
2313
3741
891
2583
2275
2126
4915
788
4299
3118
3358
467
2920
3734
3398
4393
2924
1091
3315
933
3630
644
1312
2988
1693
3508
2011
2703
492
878
3139
3765
1265
1817
129
2699
1979
1378
2885
4707
4854
1515
1307
3904
2761
353
499
4334
2462
1160
2159
3728
1471
1323
2833
184
3896
4599
2216
3049
2711
1450
2240
1980
3561
1125
2112
3973
172
3970
870
4799
2633
3787
746
4855
2278
1426
4742
3020
4716
1509
2554
2560
4666
2019
4158
4489
4930
290
4519
1462
2435
439
4322
3460
702
639
2046
4810
2924
2302
1196
797
727
2916
4465
2086
4185
3539
4080
15
816
2106
2222
4010
297
1812
3596
391
4922
1693
3614
408
415
287
4558
2702
960
1814
3087
2402
4625
1190
1739
4399
2772
13
1748
2095
3297
377
2508
3977
4670
3319
2179
741
1180
1815
896
2962
2277
199
4218
4928
3833
3541
3394
3971
591
3631
4233
4902
3804
875
1971
4567
2584
2222
4731
2573
1282
3342
2149
3985
3022
58
1783
4545
4331
748
4091
1496
1006
2757
2553
553
4069
3747
1224
4583
190
1160
3934
4100
1758
4784
173
661
3957
927
802
3495
1330
3554
77
4688
386
2291
3301
3734
1731
4165
3655
2615
4637
4432
3106
830
1614
1466
3270
3675
486
3856
3987
4227
1823
717
3412
2550
3414
3709
2329
1367
719
170
3260
3451
4700
1041
1836
2232
4338
888
4701
4025
3692
3979
1449
1441
4102
1166
427
3473
1793
1886
1114
2043
